Doodlebugs	Ants
20	986
20	969
20	1783
20	1799
19	2217
19	2390
19	2449
38	2452
38	2459
38	2456
38	2455
38	2456
38	2461
38	2460
57	2440
76	2417
76	2414
76	2407
76	2411
76	2409
76	2408
95	2381
133	2338
152	2299
151	2276
150	2266
150	2268
150	2280
169	2260
225	2185
281	2072
300	1976
299	1913
298	1849
297	1778
314	1722
378	1594
476	1367
527	1141
518	958
446	809
371	695
328	618
327	541
356	468
352	380
285	305
211	280
150	269
98	268
81	286
75	327
85	376
83	435
66	510
56	592
48	705
43	824
36	972
39	1125
50	1279
58	1427
58	1585
57	1737
55	1909
56	2045
65	2152
82	2215
100	2236
106	2241
104	2239
102	2235
102	2223
110	2196
133	2165
161	2103
172	2047
167	1989
153	1947
141	1922
143	1889
156	1840
190	1789
208	1721
209	1657
196	1607
175	1580
167	1559
176	1524
202	1478
220	1406
227	1343
215	1318
180	1311
142	1301
134	1303
141	1298
145	1302
139	1317
123	1329
106	1342
96	1385
96	1416
112	1463
129	1512
134	1579
132	1628
126	1672
121	1720
126	1759
144	1770
166	1764
184	1717
198	1718
195	1686
179	1678
182	1681
191	1670
222	1632
246	1575
259	1517
268	1468
250	1422
234	1379
243	1340
271	1304
306	1240
326	1179
317	1096
302	1035
277	982
257	935
269	892
295	855
289	802
263	771
224	745
186	740
167	756
149	770
163	782
176	806
173	823
164	863
150	906
132	970
134	1053
147	1110
160	1188
171	1256
175	1340
156	1404
148	1457
144	1518
158	1572
183	1618
193	1636
202	1651
196	1643
187	1648
188	1648
200	1653
222	1627
254	1587
277	1550
287	1488
292	1424
289	1383
298	1315
324	1237
355	1159
374	1093
366	990
347	894
328	812
304	754
303	688
303	648
300	609
268	573
230	565
192	553
159	572
144	601
147	631
154	676
146	712
136	786
129	881
111	977
106	1078
114	1171
114	1252
110	1331
108	1422
107	1501
113	1577
125	1655
136	1711
147	1766
159	1801
169	1823
177	1843
187	1858
201	1856
217	1853
231	1805
248	1766
263	1685
277	1628
282	1586
266	1537
261	1476
264	1404
291	1308
314	1191
318	1076
292	980
259	905
242	864
225	823
218	778
204	747
194	716
187	702
167	703
151	729
143	746
153	785
151	836
135	886
136	942
138	988
125	1060
119	1131
113	1191
117	1264
126	1341
122	1393
124	1462
126	1507
121	1550
128	1599
130	1653
142	1680
153	1729
165	1756
174	1762
179	1759
188	1768
190	1769
200	1755
211	1722
218	1695
230	1653
234	1613
229	1573
220	1529
220	1492
222	1440
226	1396
223	1347
219	1303
213	1272
207	1265
207	1233
221	1200
236	1163
244	1136
241	1114
240	1092
230	1088
225	1088
216	1109
221	1122
223	1131
210	1131
210	1131
204	1157
199	1163
191	1187
192	1217
211	1208
225	1206
235	1210
225	1213
207	1230
210	1253
208	1278
213	1298
219	1271
226	1280
229	1249
216	1217
216	1197
215	1181
222	1154
226	1124
224	1107
226	1085
221	1078
214	1078
205	1085
203	1123
198	1137
194	1166
189	1207
175	1233
168	1270
171	1298
183	1308
203	1327
213	1348
215	1347
213	1362
204	1376
194	1394
197	1402
217	1417
227	1393
223	1375
215	1358
216	1342
215	1334
220	1310
234	1272
258	1238
267	1192
259	1153
252	1124
256	1095
260	1073
267	1046
272	1020
269	1009
260	980
240	964
226	927
229	918
236	889
218	887
200	871
180	881
168	897
149	920
140	960
142	997
147	1030
154	1078
159	1121
160	1170
155	1215
153	1279
153	1320
163	1351
185	1374
192	1406
185	1429
177	1456
172	1467
171	1477
176	1479
188	1474
205	1477
214	1454
210	1443
212	1428
211	1400
217	1381
227	1353
221	1361
218	1352
214	1318
218	1312
229	1302
231	1284
245	1261
254	1243
253	1216
270	1214
270	1200
279	1186
287	1160
294	1144
300	1102
292	1069
278	1021
271	988
259	953
247	941
237	903
237	872
230	844
212	829
187	850
159	858
146	884
149	902
156	935
167	970
174	999
179	1041
185	1058
195	1109
192	1161
191	1201
197	1228
195	1266
201	1290
196	1302
194	1301
180	1311
173	1315
175	1333
183	1329
193	1335
205	1312
215	1303
216	1296
215	1307
222	1303
229	1297
228	1292
222	1293
219	1299
212	1296
212	1291
221	1305
222	1278
225	1294
235	1276
242	1253
245	1249
244	1249
245	1240
253	1230
267	1196
282	1155
300	1132
302	1100
304	1066
299	1027
310	1000
306	969
295	930
287	895
281	863
264	846
259	843
237	876
218	867
206	883
213	910
219	921
212	928
218	939
221	969
217	992
211	1004
200	1023
200	1041
200	1070
194	1085
181	1102
178	1131
163	1147
163	1157
162	1181
170	1182
174	1191
177	1214
179	1234
187	1262
189	1282
205	1322
223	1331
239	1357
240	1368
246	1387
259	1368
270	1378
275	1352
271	1291
269	1235
253	1194
228	1157
190	1141
168	1121
162	1090
170	1069
169	1057
164	1055
160	1056
152	1066
139	1081
148	1101
154	1130
164	1142
179	1171
183	1210
181	1261
178	1318
175	1384
189	1427
201	1456
207	1454
205	1452
197	1466
186	1467
185	1465
190	1459
194	1456
198	1420
198	1428
192	1408
186	1425
189	1425
195	1430
206	1434
229	1401
242	1387
254	1347
264	1313
268	1294
256	1281
259	1268
279	1230
290	1168
293	1129
280	1075
264	1052
236	1019
221	983
226	952
228	916
222	895
213	873
193	894
171	907
147	938
140	981
138	1006
143	1053
138	1130
122	1199
112	1283
116	1347
121	1443
130	1530
131	1614
133	1697
135	1739
141	1792
150	1833
157	1855
172	1873
190	1870
200	1858
201	1824
214	1798
236	1751
252	1698
265	1644
273	1588
275	1516
282	1459
282	1396
296	1323
304	1243
310	1150
308	1061
305	977
310	899
309	816
297	748
273	711
254	695
225	687
206	690
192	685
186	700
185	723
167	742
162	770
156	803
151	849
144	911
144	996
140	1058
136	1142
140	1219
135	1316
130	1404
124	1477
140	1549
148	1595
158	1640
168	1683
172	1702
182	1703
196	1715
218	1703
246	1660
270	1628
293	1586
302	1503
314	1427
328	1341
334	1266
349	1160
357	1033
351	928
324	832
302	759
259	704
226	672
210	635
203	586
199	559
187	547
171	534
145	552
132	604
118	655
122	722
132	772
128	852
127	943
115	1056
104	1165
99	1259
92	1376
100	1484
104	1580
100	1694
101	1775
106	1853
114	1907
119	1950
133	1991
148	2003
159	2009
172	1979
187	1957
202	1916
206	1882
214	1842
234	1788
250	1735
259	1663
266	1590
278	1500
277	1412
278	1345
288	1258
295	1169
291	1075
288	1007
291	920
288	867
283	809
274	764
269	724
261	704
232	669
217	666
203	693
177	747
151	800
136	886
125	953
119	1031
119	1103
119	1179
121	1268
128	1337
136	1423
144	1489
146	1544
148	1594
152	1640
159	1694
161	1740
170	1752
181	1760
187	1764
191	1766
195	1746
190	1718
198	1686
206	1643
218	1588
221	1541
226	1498
225	1452
237	1398
252	1339
257	1305
261	1247
268	1182
263	1134
244	1091
236	1070
223	1060
219	1045
207	1025
205	1034
197	1041
183	1057
173	1077
168	1082
162	1110
158	1123
159	1148
158	1180
147	1203
135	1237
124	1278
113	1313
118	1359
131	1412
142	1457
149	1514
153	1563
157	1597
159	1642
163	1692
172	1738
187	1744
196	1748
199	1742
207	1714
214	1666
218	1627
232	1575
246	1496
264	1424
268	1359
261	1282
260	1193
261	1131
256	1064
252	1035
252	984
247	954
233	918
222	910
214	920
212	939
191	955
186	996
192	1036
178	1076
177	1123
189	1155
198	1176
194	1203
189	1246
180	1287
180	1308
175	1342
180	1367
180	1380
175	1404
175	1414
183	1436
201	1438
210	1443
210	1446
205	1440
205	1425
201	1401
193	1394
195	1365
208	1326
205	1298
204	1271
209	1244
201	1234
190	1230
186	1234
200	1220
214	1223
216	1215
219	1225
223	1240
214	1248
219	1267
235	1280
247	1259
246	1240
250	1211
240	1196
230	1169
215	1162
221	1135
228	1124
229	1116
219	1108
214	1106
208	1109
210	1098
224	1095
243	1098
256	1096
248	1106
232	1115
217	1134
216	1153
216	1152
234	1151
249	1113
260	1079
258	1060
237	1057
215	1074
199	1080
210	1089
229	1095
232	1091
223	1096
204	1122
194	1139
196	1163
201	1187
199	1187
202	1200
209	1203
193	1181
191	1194
191	1210
190	1229
196	1234
200	1252
206	1275
204	1309
193	1346
173	1387
171	1421
188	1435
208	1420
225	1402
233	1350
230	1331
221	1314
206	1313
209	1298
213	1269
224	1231
231	1193
224	1176
200	1174
169	1173
163	1175
174	1184
192	1181
202	1169
198	1169
187	1165
169	1194
170	1221
185	1231
199	1248
217	1244
205	1253
174	1307
150	1358
136	1415
140	1457
159	1484
178	1511
185	1519
177	1540
159	1563
144	1584
153	1596
171	1591
199	1566
226	1535
235	1479
234	1455
221	1463
219	1437
243	1391
283	1354
324	1302
333	1241
322	1171
306	1124
290	1102
289	1050
317	1015
326	981
314	929
297	874
269	821
233	781
227	768
223	741
206	725
206	720
190	741
164	762
149	803
136	852
134	924
142	976
153	1033
172	1098
174	1147
158	1211
146	1299
131	1382
121	1471
131	1536
142	1594
150	1639
150	1676
144	1710
143	1772
149	1803
168	1828
188	1848
206	1831
213	1839
216	1821
222	1818
240	1800
269	1741
305	1672
329	1573
350	1455
354	1352
337	1265
324	1189
328	1101
340	1004
339	921
311	818
287	717
264	661
247	598
231	557
236	514
239	479
219	464
198	479
163	503
129	545
109	608
94	702
95	789
84	910
73	1032
62	1177
65	1317
67	1458
70	1603
82	1721
94	1825
100	1909
104	1995
110	2051
116	2105
123	2150
138	2172
164	2161
185	2136
199	2109
208	2083
219	2038
232	1979
253	1910
291	1821
333	1710
346	1595
359	1476
362	1350
363	1266
361	1152
361	1044
382	907
394	775
380	655
340	545
298	476
277	420
257	382
235	361
222	348
201	359
157	368
124	425
90	492
67	571
65	667
60	757
63	842
69	939
70	1051
