Doodlebugs	Ants
20	1000
20	987
20	970
20	1832
20	1819
20	1813
20	2242
20	2412
40	2404
40	2418
40	2433
40	2435
40	2424
40	2434
40	2427
40	2425
60	2410
80	2400
80	2384
80	2361
80	2350
80	2336
80	2331
80	2316
100	2305
140	2277
160	2248
160	2204
157	2144
155	2116
150	2060
149	2037
165	2006
215	1962
268	1894
278	1821
274	1724
263	1609
243	1537
223	1485
219	1404
253	1338
322	1281
353	1206
342	1119
309	1013
266	940
218	892
196	829
201	777
244	735
271	711
271	649
252	603
214	593
155	567
120	562
105	587
119	614
127	647
124	686
118	725
98	763
78	807
74	861
73	932
80	996
92	1065
105	1144
112	1209
106	1250
105	1317
98	1362
91	1419
93	1472
102	1555
122	1591
136	1625
139	1654
138	1666
133	1666
127	1695
129	1704
144	1721
160	1730
185	1743
201	1731
202	1700
196	1671
187	1645
189	1614
196	1590
220	1546
255	1521
284	1453
293	1377
291	1313
270	1246
243	1175
229	1117
234	1081
262	1021
286	977
294	918
285	850
253	784
212	736
174	713
161	689
158	683
161	668
172	657
174	638
156	616
143	603
121	594
110	594
106	610
113	630
120	661
124	689
115	714
107	760
94	822
77	869
66	936
70	1032
83	1094
89	1160
94	1227
93	1291
87	1343
74	1398
70	1462
73	1507
90	1562
97	1618
102	1647
106	1699
110	1740
106	1744
101	1776
106	1808
126	1822
148	1820
157	1816
164	1804
173	1790
177	1770
178	1732
186	1702
207	1664
238	1618
264	1564
278	1494
281	1449
289	1364
282	1288
275	1218
277	1170
295	1093
323	1010
339	945
327	851
318	760
284	687
248	624
227	566
230	518
239	469
248	431
226	398
200	370
156	363
118	365
105	360
99	373
92	400
95	424
91	443
87	487
79	528
70	566
65	631
71	696
75	770
80	843
77	929
78	1025
79	1112
79	1194
79	1306
84	1399
94	1470
97	1523
101	1600
101	1659
104	1706
112	1732
111	1762
117	1795
130	1817
140	1839
151	1849
158	1836
169	1809
182	1767
192	1729
197	1692
203	1653
208	1618
219	1569
226	1537
224	1512
230	1465
240	1422
240	1370
238	1321
237	1265
246	1208
246	1140
254	1075
269	1028
284	958
285	907
278	868
259	814
245	788
231	769
222	740
219	718
229	706
231	700
212	698
187	713
167	725
149	750
143	778
140	816
145	840
141	868
137	896
121	933
113	974
106	1015
109	1057
109	1108
112	1140
114	1181
118	1217
112	1256
112	1302
114	1316
120	1346
131	1366
135	1399
142	1427
150	1449
162	1460
170	1475
177	1473
190	1466
203	1469
219	1482
225	1462
239	1433
255	1398
266	1359
269	1308
255	1273
255	1220
263	1158
261	1112
255	1050
255	994
263	942
262	881
256	832
257	783
247	742
236	687
224	651
218	614
211	581
208	567
189	554
173	558
157	553
131	559
125	585
115	626
105	657
100	694
101	746
103	792
105	848
103	899
100	968
105	1037
104	1104
109	1187
115	1256
124	1326
131	1368
134	1414
132	1444
136	1464
140	1513
145	1544
155	1558
170	1575
180	1574
186	1582
190	1582
193	1540
195	1510
204	1484
218	1442
243	1393
263	1333
265	1272
259	1229
246	1181
223	1131
216	1096
210	1077
201	1058
208	1016
209	982
209	952
188	907
176	871
177	845
178	826
186	808
198	795
207	787
213	778
207	736
200	726
190	696
180	676
182	676
188	680
201	686
194	702
182	705
159	708
141	732
119	766
112	791
114	811
123	841
134	858
134	873
126	884
118	899
111	923
101	956
107	981
110	1010
123	1011
136	1032
136	1041
129	1036
125	1050
119	1061
135	1069
158	1060
175	1071
186	1081
187	1078
176	1072
165	1086
157	1079
157	1086
171	1097
185	1121
193	1121
193	1123
183	1120
165	1118
151	1132
139	1117
144	1117
154	1141
165	1134
172	1111
177	1103
177	1100
169	1065
167	1029
176	1032
183	1017
194	985
207	977
222	969
228	939
224	923
206	930
189	926
189	906
203	892
207	895
217	874
219	875
207	870
189	881
169	900
147	916
148	944
153	966
156	988
157	990
155	1004
149	1011
142	1020
144	1022
154	1034
167	1056
177	1062
178	1084
170	1103
158	1108
157	1106
162	1131
175	1164
197	1181
211	1188
218	1189
219	1189
208	1204
200	1189
190	1183
189	1206
205	1205
228	1204
240	1199
248	1190
241	1153
233	1106
234	1074
226	1027
230	986
240	955
251	933
241	886
234	835
227	776
209	733
203	684
196	639
210	603
221	574
219	547
215	527
204	508
183	501
159	515
143	544
120	567
111	623
102	698
90	772
82	845
65	931
55	1021
45	1096
38	1158
43	1253
45	1315
50	1376
57	1447
60	1508
61	1550
63	1600
62	1650
67	1708
74	1764
79	1811
90	1861
99	1894
105	1914
108	1926
108	1954
113	1953
123	1964
137	1960
154	1951
173	1951
189	1939
195	1892
198	1849
201	1810
210	1773
227	1729
249	1670
272	1620
292	1556
298	1468
297	1392
293	1311
283	1225
278	1167
293	1105
303	1026
311	951
318	885
298	792
281	729
259	678
237	622
228	575
221	546
221	519
207	487
188	468
166	466
132	447
116	444
117	463
114	478
123	494
127	517
119	555
113	595
99	637
92	691
97	739
90	813
94	866
95	928
97	992
92	1040
93	1112
94	1157
98	1201
107	1247
117	1288
132	1325
136	1328
137	1351
141	1365
143	1369
141	1376
151	1396
166	1405
190	1400
205	1391
212	1377
211	1362
208	1324
209	1279
214	1281
230	1260
256	1221
282	1191
295	1167
294	1092
273	1024
262	983
245	928
240	866
256	853
266	838
262	793
255	753
231	732
198	699
171	673
168	678
166	656
168	632
176	615
171	600
167	603
155	598
141	595
143	613
148	617
149	641
153	677
155	692
142	728
137	779
119	830
111	893
108	957
106	1025
105	1087
106	1140
101	1190
106	1237
107	1281
108	1342
119	1409
137	1463
154	1500
166	1533
175	1556
179	1575
179	1607
179	1590
190	1593
211	1592
232	1580
253	1539
269	1504
271	1472
263	1391
260	1339
261	1292
271	1240
288	1177
301	1123
306	1073
295	1011
283	938
283	855
270	771
258	693
256	635
262	592
266	540
252	495
243	478
211	462
178	452
140	462
102	480
94	498
107	520
112	541
115	577
109	621
92	653
82	704
72	788
70	846
78	895
90	961
96	1030
90	1091
79	1145
75	1205
69	1265
73	1315
81	1372
95	1417
105	1449
110	1466
110	1499
111	1510
117	1523
126	1529
140	1541
163	1554
184	1547
184	1521
183	1509
181	1478
173	1440
170	1420
182	1417
206	1390
232	1351
248	1302
237	1254
229	1198
205	1161
176	1137
159	1117
166	1077
188	1069
195	1058
184	1043
169	1020
146	986
130	985
123	976
127	966
145	971
156	984
152	986
140	982
120	990
103	996
95	1022
93	1055
102	1089
119	1104
127	1130
127	1133
124	1154
120	1166
112	1170
113	1204
123	1211
145	1233
168	1245
167	1263
168	1271
157	1264
144	1278
140	1301
141	1327
158	1345
180	1373
198	1369
197	1353
200	1330
184	1308
180	1279
178	1267
182	1233
205	1227
221	1207
232	1181
234	1170
214	1142
201	1126
187	1105
182	1106
177	1104
176	1116
187	1121
183	1112
169	1094
165	1092
166	1095
166	1102
173	1118
199	1116
228	1100
243	1095
239	1071
220	1055
198	1067
177	1052
180	1023
201	1019
228	1024
246	1011
246	994
212	985
184	975
159	976
147	985
150	996
172	1006
192	1004
199	1010
195	1003
172	986
157	989
148	994
149	996
163	986
183	1001
211	998
215	964
208	937
193	927
182	902
173	892
175	904
190	922
199	905
214	899
207	887
188	890
175	873
171	873
170	894
178	893
181	896
190	902
195	917
177	921
158	919
150	930
129	945
124	963
125	974
122	995
126	1026
125	1037
118	1051
108	1063
98	1084
100	1101
104	1120
117	1163
130	1201
133	1237
133	1274
122	1295
108	1330
109	1355
111	1377
122	1389
145	1403
158	1422
168	1409
166	1406
158	1425
154	1433
158	1427
173	1435
200	1447
220	1427
232	1406
233	1394
220	1375
198	1335
195	1302
204	1281
224	1253
244	1220
262	1189
259	1170
252	1103
234	1055
215	1027
212	1016
208	979
221	934
230	920
230	894
222	853
206	846
191	844
173	829
174	825
183	819
185	815
183	814
177	822
169	831
161	856
154	878
148	910
159	943
163	983
169	1040
165	1070
161	1092
162	1107
160	1134
165	1148
168	1153
178	1167
194	1175
202	1187
195	1188
201	1176
194	1196
183	1202
178	1197
188	1202
202	1201
218	1179
224	1170
228	1125
220	1086
211	1062
191	1047
186	1027
191	1014
198	1007
204	1001
196	976
183	990
172	988
158	997
161	997
170	1010
185	1017
189	1015
194	1002
194	1018
175	1027
155	1026
147	1016
146	1035
152	1035
154	1039
154	1043
153	1033
146	1013
140	1010
136	1012
139	1008
147	1008
156	1005
166	1004
175	995
173	1013
154	1048
134	1090
127	1122
120	1177
126	1219
133	1255
137	1303
137	1331
145	1350
148	1392
147	1417
140	1424
142	1437
148	1458
